10,249
10,213
10,297
10,89
10,245
10,299
10,281
10,137
10,2
10,3
9,7
9,5
9,2
9,3
8,4
8,7
8,8
55,3
55,1
54,4
54,3
54,2
54,1
53,4
53,3
53,1
50,5
50,4
50,3
50,1
48,5
48,4
48,3
48,1
45,3
45,1
44,5
44,3
44,1
35,4
35,3
35,1
30,5
30,3
30,1
28,3
28,1
25,3
25,1
21,3
21,2
21,1
21,0
20,3
20,2
20,1
14,4
12,3
19,2
12,2
19,1
12,1
19,3
11,29
11,28
11,27
11,26
11,25
11,24
11,23
11,22
11,21
11,20
11,19
11,18
11,17
11,16
11,15
11,13
11,11
11,10
11,9
11,8
11,7
11,6
11,5
11,3
11,2
11,1
10,313
10,311
10,303
10,301
10,300
10,295
10,293
10,283
10,282
10,278
10,273
10,271
10,253
10,250
10,248
10,233
10,222
10,221
10,219
10,212
10,206
10,197
10,189
10,185
10,179
10,167
18,1
10,163
18,3
10,162
10,154
